0.0020000000000000	-0.7629786931440887 0.2119272774782135 -0.2870081077285223	-0.1896349736739027 0.0486029999779678 -0.3886677210054234
0.0020000000000000	0.6301955620314998 -0.9802025117486567 -0.2368530599833768	0.4255868221364680 0.3331290586012839 -0.3658110428873598
0.0020000000000000	1.9667616108909092 -1.1742402846848186 -0.0799344878605734	-0.2116837573983012 0.4507230397584202 -0.0548665400373623
0.0020000000000000	-0.1599588307968853 -1.6479109784741617 0.1344274786396251	-0.4093895071632322 0.1669310954272523 0.0730870034249913
0.0020000000000000	0.5103397636547220 -0.6765458689129642 0.2154381283838734	0.2877263783883663 -0.0057038419163706 0.4038570108540641
0.0020000000000000	-0.0955065047109988 -1.5368889825169050 -0.5999469324074891	0.1815760387624084 0.1854712822554222 0.3612413504708863
0.0020000000000000	-0.3561256378354130 -1.3483208165151854 -0.2850060397106802	-0.4303249805280920 -0.3147014283614539 0.2881383182385522
0.0020000000000000	0.4021629390446628 1.0673462984776811 0.6269299285865239	0.0330595228892203 -0.3935856595708194 0.0726516101337163
0.0020000000000000	-0.8451321132493288 -0.7982506547221748 -0.1027477816919058	-0.0834425749235560 0.1700203499337770 0.2967167437678060
0.0020000000000000	0.3081455265361771 0.0722626946822191 0.4908429862970485	-0.6696424863961956 0.5946465985119179 -0.7343746393510125
0.0020000000000000	0.0474151516395327 -0.2206045976136564 0.6737441152562977	-0.1496229930492248 -1.1627836881716258 0.2671805311323002
0.0020000000000000	-0.1911914806056484 -1.2408281696016648 -0.0036976325149328	0.2027555706287176 -0.4733794296390971 0.2413734120274914
0.0020000000000000	0.3980793103825083 -0.0334091883165985 0.5940073572895723	0.2007851026235911 -0.4314162673482619 -0.2148988418863757
0.0020000000000000	0.0238330761591110 -0.0381092267095563 0.0549544592836392	-0.7819831762282136 0.0221804046557814 0.4294255946459968
0.0020000000000000	0.2179170671188551 1.0268815486671090 0.0784589115682880	0.1959049992128108 0.0353070574262708 0.0015929993024872
0.0020000000000000	-1.6976419368616766 0.1747570948791648 2.0263298480758776	-0.0704748424603336 0.0251858676272674 -0.3730054707621723
0.0020000000000000	3.2143318436855659 0.3723492017632576 -6.1683922282594059	-0.0483696489603958 0.0044200573109203 0.0767223209197005
0.0020000000000000	-0.1105311030781925 -0.0824621782190347 0.1392593350221184	-0.5115549969691889 -1.0209370363934789 -0.4840499804008085
0.0020000000000000	0.0663341057290014 0.0378326401912244 -0.7991314639545466	0.0315967887483686 -0.8991864279241004 -0.7308382661935041
0.0020000000000000	0.0475275265264359 0.4016358945439199 0.0556740784510874	-1.0679219933312525 -0.0475539694448047 -0.7203638534804004
0.0020000000000000	0.4700127200908537 0.5137888412997164 -0.3842196633056102	0.4238410972206855 0.3850637611953631 -0.1622077825820028
0.0020000000000000	1.7330489240581886 -2.3727638535047921 0.8359276697684882	0.0440348881556484 -0.1291675455172779 -0.1346808064187347
0.0020000000000000	0.5068617869901684 0.9680257167330013 0.8458179578073471	0.0563382058343593 0.4149876279519633 -0.0477973267682225
0.0020000000000000	0.0565100571184524 0.2271079979007974 -0.2802645018217174	-0.1933608909555372 -0.3771538620109307 -0.5562029338902637
0.0020000000000000	-0.1504330660182842 0.4996216750931909 0.4144978693812693	-0.1345990597129098 0.3258063731032034 -0.3450298327544923
0.0020000000000000	0.0292342272507104 0.1032733883381324 0.3872662209839672	-0.6980566335547527 0.0304315599664695 0.5281314113622038
0.0020000000000000	-0.2704698456783273 -0.2674862322545016 0.3196252682608314	-0.1645714506908527 0.2383469042609487 -0.2315118466677349
0.0020000000000000	-0.3106916502424847 -0.1380273453982044 0.0774392485825983	-0.6052505195443491 0.2026112362315379 1.0218289191544292
0.0020000000000000	0.9889890189324260 2.4951756787891082 1.5379955472753875	0.0519437600260292 -0.0090981323191623 0.0541643828523129
0.0020000000000000	-0.0376927654774733 0.8593380349908987 0.3443288577260765	0.5238090958340532 0.0893106591737600 0.1327720832732308
0.0020000000000000	-0.2748993820090967 1.0119728019150780 -0.2550822407923323	0.0977407031464009 -0.2954598964212771 -0.5986215873581928
0.0020000000000000	-0.1318090981965310 0.0906232596461247 -0.0171238501080960	0.0301370424030045 0.0297857096264132 0.0079768679175504
0.0020000000000000	-0.6307018951886872 -0.0430438293793776 -1.0169098766503013	0.3188732245333317 -0.0560351074820321 -0.0227235831806882
0.0020000000000000	0.2273466696867989 -0.5996824838471938 -0.5802270251797252	-0.3468074993449004 -0.3572252124240528 -0.5576858428255084
0.0020000000000000	-0.3305496593265826 1.2902410491297500 2.2254902641460719	0.0207943107008104 0.0588674848897570 -0.0325730913038489
0.0020000000000000	-0.1380809099607517 0.3452820864075194 -0.0131437762549963	-0.0096887281478849 -1.0655565190941960 -0.0356533958395848
0.0020000000000000	-0.3091041103268767 0.5907668164637218 0.2578793494447456	-0.0921150626533895 0.5701493400005638 0.1384072735915983
0.0020000000000000	0.3957484550139143 0.3555016369685707 3.6153026700800952	0.0262444097733044 -0.3824732982229073 -0.3133849414013236
0.0020000000000000	0.0251633220486730 -0.3476905756269211 -0.2420382950483445	-0.5019864119232466 -0.6800917381376529 0.3509356513719146
0.0020000000000000	-1.0918951398311045 0.4300372847122128 -1.2596071692319604	-0.3827257034657173 -0.2066347604802310 -0.0810308820040531
0.0020000000000000	0.2759805847962412 0.5182197046309456 -0.5432417770685771	-0.2592704558502725 -0.4725611796633800 -0.1082612354688477
0.0020000000000000	-0.0222978390651006 -0.0564600972094504 0.3774536161983780	0.2803236056997194 -1.2183470497233615 -0.4534807146729528
0.0020000000000000	-0.0943431103039903 -0.1604505483882251 0.1662601253080642	0.4494569772036273 0.6359436670611811 0.5611314450141547
0.0020000000000000	0.2120661510205662 -0.2045728604787229 -0.1208321627589948	-0.4526450007862688 0.5721309479082284 -0.2216826680548425
0.0020000000000000	0.6004616426277500 0.3825065587641374 0.0633447659157618	-0.1338901601257551 0.6705067510230543 0.3464792208627306
0.0020000000000000	-0.1701902513938603 0.1899283456973002 0.0700477009370836	0.0979992873686977 -0.2464496184247143 0.4899966134254484
0.0020000000000000	0.3442349052171344 0.2204868057039768 -0.0171147025838899	-0.2574177075338637 0.1973029260458243 1.1737199801056686
0.0020000000000000	0.1326713491083986 0.4676325776365854 0.4126193402406489	0.1973986372412834 -0.8264720131048710 0.0983755179957849
0.0020000000000000	-0.2512425895365097 -1.5148120808123513 -0.7217019576461191	-0.1642683927532721 0.2629383673484327 -0.2737494836749368
0.0020000000000000	0.0859089194141686 0.4107069594852922 0.6671310468779562	-0.4302838957979863 -0.1494133647783080 0.2045032529023133
0.0020000000000000	0.0466853848054282 0.0954621960402026 0.2583118379004367	-0.0744215354304176 -0.4357290506368163 -1.2591795473578853
0.0020000000000000	0.2761658493866361 -0.3543864578300318 -0.2978138944984359	0.3520182794023980 0.7161674295609530 -0.3776130514349457
0.0020000000000000	-0.5434845514952820 0.3030601756677436 -0.6345089171237522	-0.5376321456624878 0.0030096097552983 0.1802476974612484
0.0020000000000000	0.0596013689775597 0.1903776515624144 -0.9804322873896515	0.5066898566775671 -0.4317955561329430 -0.2115650965720210
0.0020000000000000	-0.4927393815691983 0.3161809654685863 0.4387655685912923	0.3340488802568572 -0.4233820252764451 -0.2103136523446369
0.0020000000000000	0.1481051162970365 0.3030189700865543 -0.0352507999597061	-0.2199883374804894 0.4012728280764167 -0.6007043184706446
0.0020000000000000	0.7397426514810405 0.2995211953887444 0.1537455624083825	-0.2255634045303028 -0.6328616516509743 0.4863992703216476
0.0020000000000000	0.0352475412266077 0.2063311970869650 0.2224726083731968	-0.2418099873103822 0.5917199708005896 -0.2222467692511412
0.0020000000000000	0.2936321699576827 -0.0164704410816510 -0.1517137635437242	-0.0705641816074986 -0.5839874310095329 0.4832970409749253
0.0020000000000000	0.1307080510094486 -0.5578690352754785 0.0454457999860716	0.8990184116878203 -0.6516000307852716 -0.7366548668129059
0.0020000000000000	0.1387235282705786 0.0908568077950151 1.2709443346612452	-0.0201814018320929 -0.1379476599121154 -0.4445730578904336
0.0020000000000000	-0.0216943840456989 -0.9426964809258245 -0.5540668250429880	-0.1821997259007258 -0.5070542892381328 0.3431563748867555
0.0020000000000000	-0.0297656692471770 0.7236409422387241 0.2017454146620787	0.8212562623028643 -0.2172579879588994 -0.2007910947569799
0.0020000000000000	-0.7444811072250576 1.1148574442754193 0.8006482070626112	-0.3525048842406408 -0.0460632088318311 -0.4823418378371290
0.0020000000000000	0.1021333244827620 -1.3932577577528218 0.3378323725144256	0.2661584302666766 -0.3893615754081347 -0.4227719278401183
0.0020000000000000	-0.0507716445342504 0.6734308542650039 -0.6311025558212640	-0.2756449234380475 0.5709936705968168 0.1857633701832403
0.0020000000000000	-0.0262212066717861 0.0260569787581351 0.0767554895182794	-0.0757379324555547 -0.3105236475713022 0.1281273361240562
0.0020000000000000	-1.5210078526043904 0.1554815139987269 -1.7103882196311639	0.0498746741383009 0.0951195483405109 0.2129529010886970
0.0020000000000000	-0.4447559511241158 -0.3225840149406374 -0.4114484341547242	-0.7541888420316275 0.0404211092790425 0.3105209241961494
0.0020000000000000	-4.2206957414881057 -9.7303114615544430 -5.3809804338582428	0.0750739080948787 -0.2488874223521141 0.1429188306241434
0.0020000000000000	-0.5557759099135857 0.4294748485919653 0.6004287638236933	-0.2457963710106751 -0.3117175609333271 -0.1850755659366089
0.0020000000000000	-0.0219936812149926 1.1509591468077252 -0.6203214836780295	0.0079029020612543 0.3924196706369709 -0.1090178997636517
0.0020000000000000	-0.9503928724284783 0.1936066816585524 -0.6988964323351808	-0.0212640637883715 0.3639340240780700 0.5306868089891058
0.0020000000000000	-0.2992323106014119 0.5531179683303712 -0.7106228010883467	0.1461565832560799 0.1551435775923503 0.3414047087137648
0.0020000000000000	0.2399111407259357 0.2560646152934100 -0.1114000698002369	0.2812952470140287 -0.3062606904329953 -0.4399229410554341
0.0020000000000000	-0.3881285077943688 0.2312612858081222 -0.2944896125102152	0.3815370443123367 0.2023468005796291 0.1883567798437926
0.0020000000000000	-0.5380283307254734 0.2404434091412926 0.4230131350492869	-0.6381740730349242 0.3942105305560972 -0.6991006890484021
0.0020000000000000	-1.3035271070262873 -0.4349266601253770 -0.7515708509342161	-0.4126366364015681 -0.0903117147996808 0.0005511672733883
0.0020000000000000	-0.3530748301752273 0.2507420365705411 -0.5029120523762945	0.3745903953962033 0.6434611475169237 -0.4010923425270472
0.0020000000000000	-0.0743623827269625 -1.1046033086977138 0.2062227839312678	0.4803001713606440 0.1154751045198311 0.0538468468071822
0.0020000000000000	-1.2376185924309986 -2.7995165313818404 -5.3157492715392030	-0.1633404611484857 -0.1355530929933425 -0.2333117238167189
0.0020000000000000	0.8924228416979829 0.3773796404395597 0.1512369051087924	-0.1478506076225544 0.2871334871944837 0.3931306972885721
0.0020000000000000	2.1199586303383464 -0.0334481007137872 -0.8179418603336984	0.2231196411126559 0.0691467833664495 0.3493995678713089
0.0020000000000000	-0.6355421601276700 0.6161344809155352 0.1566360475830303	0.8472827881745096 0.1910973897234812 0.0850707286783630
0.0020000000000000	-0.2542015182996473 -0.2508774352052119 0.1472181195160525	0.2191351763389298 -0.3693708904408521 0.2595829078173453
0.0020000000000000	-0.8946622007255567 -1.1290396061832078 1.4204086148841859	-0.3311840536405288 0.4229505560833146 -0.0689344191650951
0.0020000000000000	0.0326124572130955 -0.1115132736636466 -0.1613583922830320	-0.3959264391822070 0.4695244437485888 -0.1862357865138626
0.0020000000000000	0.1110818305738255 0.0666590219464558 -0.1192502611977163	0.3672811416981393 0.7912469245116895 0.6632879155117031
0.0020000000000000	0.7199535660557264 0.2431817610889783 -0.1624496616130228	0.2865629983990168 -0.1220721878914694 0.5763475425427912
0.0020000000000000	-0.5034291201769918 0.4180902864729610 0.6028833898001135	0.2012232320869141 -0.5966845271890350 0.7366260608391177
0.0020000000000000	0.1876820296923310 -0.7534873643979925 -0.7677115564925201	-0.5464190671660094 -0.1290682764377876 -0.0726054105524970
0.0020000000000000	-1.2397110878554065 1.5276340442316532 -0.0250232420639343	-0.1998906789331698 -0.5093212046119988 0.0198452873995801
0.0020000000000000	-0.1837126067530592 0.3288232759745984 0.4568629074147026	0.6113296953392704 -0.1499147907051818 -0.4042435430370105
0.0020000000000000	0.2172601286001357 -0.3193531773130339 -0.4543451971350078	0.6315360400060018 -0.1562053264893678 -0.4820567056550171
0.0020000000000000	-3.4893239037579922 -1.8020493908441655 -0.7273818384351176	0.1212812432852598 -0.0658321442436518 0.2502846950407545
0.0020000000000000	-2.2923297045921842 1.9242116531162514 0.9504938675973926	-0.2405640911277835 -0.0883285382986185 -0.1466311037820610
0.0020000000000000	-0.6798936810654310 0.2154137651925714 -0.2301017398068943	0.7530303662979587 0.1580069729403319 0.9087251293666978
0.0020000000000000	0.2287306732157375 0.0600423480084315 0.3074325331708695	-0.2898127158102361 0.4188094594791367 -0.1302067765271209
0.0020000000000000	-0.3447342765791709 0.1225803928481669 0.3880035695175848	0.2246240478791569 -1.3989334977364045 0.3512859665956491
0.0020000000000000	0.9779764157487441 -0.7981196566014901 1.2899448654642911	0.2372138803281655 0.3020583365592857 -0.0332179435300448
0.0020000000000000	-0.1242112511701950 -0.2176189679280110 1.0191865530329769	-0.1033135616570996 0.1670764304689665 -0.7805508978218125
0.0020000000000000	0.0066961303571702 -0.5547218009473689 -0.0762453902683405	-0.3407925675218852 0.3532274191908337 0.3202252189046768
0.0020000000000000	-1.3060288816833934 0.1710558463209158 1.1756020262011342	0.0260609059238791 -0.1659922381177151 -0.5277953958205337
0.0020000000000000	1.5504515770090304 1.7497957077465667 1.9826291953208275	-0.1633015069883633 -0.2803074089329078 0.1462973257057228
0.0020000000000000	0.3386767813305566 -0.2641839876116474 -0.5612356521562504	0.1820195546679151 -0.5239420096699438 -0.1586047136877811
0.0020000000000000	1.4489309726515887 0.8435817210776454 -0.2992317853061660	0.0227728158322210 0.3055949256034408 0.1428965167586396
0.0020000000000000	0.4585436744590338 -0.2264642272886055 -0.5276638615324701	0.2819808429872282 0.4437444098176218 0.5916833685642138
0.0020000000000000	0.0712312212168923 0.2349071972672393 -0.4078302910419214	0.6187128605523462 0.0623855949589631 0.5787214669291667
0.0020000000000000	0.0238893140036566 -0.0499381572701141 0.0112514038641436	0.1418394395347497 -0.4519807071279643 0.0864844569734537
0.0020000000000000	-0.9503268597664112 -0.0027942074649200 0.0688321299019191	0.5417892906112557 0.1216811950005028 -0.3587899647600912
0.0020000000000000	-0.3401994858956142 0.0317881353246089 0.0219605212224446	-0.3553666167020502 0.0230181042821581 0.4505168410963000
0.0020000000000000	-0.5520919552995519 -0.4243199417051624 -0.7309218103981011	0.8592713863807557 0.3251539573682622 0.2700167852761605
0.0020000000000000	0.2265411333865149 -0.0451594622281467 0.3939529133351972	-0.8739923729041378 0.1799814562655214 -0.5845164510439115
0.0020000000000000	-2.6612747804851105 -0.7250951702000311 2.0458355937355486	0.4375272583355336 -0.1550032613211538 0.1935799645448944
0.0020000000000000	-0.9483715359729359 -0.3818921007019067 -0.7716315772657993	0.7262432407792222 -0.4704545819860544 -0.3035780657478159
0.0020000000000000	-0.4107093453528332 -0.7104638576075040 -0.5637183956049047	0.2446281521880017 -0.0724039061037563 -0.3820142751274952
0.0020000000000000	-2.7595403445393627 6.6422185662985145 -7.3695798387610898	0.0291237183525361 0.0224794187947667 -0.0479978137458096
0.0020000000000000	0.1749399569573747 0.0009719271777683 -0.0187674143065897	-0.3885775538313395 -0.3688536564502264 -0.9068257461137310
0.0020000000000000	1.1631634073379151 0.1548978370999177 0.4394199364317772	-0.0608053413831795 -0.4582685959444373 -0.0984654468021331
0.0020000000000000	0.2580636585077828 -0.5103449745192062 -0.3169956939261400	0.4498958222974464 0.0858898095302873 0.4748959410894159
0.0020000000000000	-0.2503878023439605 0.0316662006349826 -0.1378014837541771	0.8070250606125365 0.0183975243723407 -0.2208059716292912
0.0020000000000000	-0.4811866010754659 -2.2138456109185247 1.4623921077732629	-0.2980605842213300 -0.2652551101701988 0.3004444665646387
0.0020000000000000	0.6222046649982941 -0.1468157566144327 -0.0616613058825528	-0.4235805621565588 -0.2950739398334614 -0.5643795184757128
0.0020000000000000	-0.6688168559052001 0.5530796317720640 0.0863284586693696	0.3195302157397247 0.3094751680784143 -0.2282718873039540
0.0020000000000000	-0.5055515739764691 0.0115519699252272 -0.2080230172155532	-0.1408863974818100 0.1850718562038659 0.0435934838623522
0.0020000000000000	-0.2609753693090821 -0.6228061307907470 -0.7093144680156087	0.5320961554728985 -0.5831995019825175 0.4668848486676862
0.0020000000000000	0.9070643493965921 -0.5101115956890472 1.0109139941218455	0.5823323247112888 0.0382424749124683 -0.5367508408096483
0.0020000000000000	-0.9895473098496755 -0.5696741924283444 0.0790167795194869	0.0945924934263107 -0.0625857891635745 -0.0195047171968941
0.0020000000000000	0.1524871572357950 -0.5902809706108934 -0.3968300155622624	0.0288611102474232 0.2536546590779534 -0.2529834075545145
0.0020000000000000	-0.1362168079562927 -0.4883763229667118 0.3988774972219857	-0.3424241020858242 0.1230098058867979 -0.6297544879375953
0.0020000000000000	0.2208914051370814 1.0431955037288074 -0.3563841132879980	-0.2198839068307834 0.4779667843623621 -0.0657701978355626
0.0020000000000000	0.0318804970227398 0.0174823326881989 -0.0829008991991127	0.1372571728898820 0.8976293613225514 -0.2188399983527778
0.0020000000000000	-0.0563013004982124 -0.2917460321240534 -0.3283005229702129	-0.0826979279784067 -0.5482482585121383 -0.4899448196246772
0.0020000000000000	3.3358479950314099 -0.0013553257941966 -0.1807339131099441	0.2089871316622822 0.0789898034007740 -0.3054583780185242
0.0020000000000000	0.0169518867797976 0.2663331558033974 -0.5810733012358433	0.8425941874524426 0.1399190644822605 0.2990875145364039
0.0020000000000000	-0.1870109723714054 0.0086950707065749 0.1842342977148890	0.6031585443098401 0.2681036895444843 -1.3319124941324041
0.0020000000000000	-1.5520373926786173 0.3271016009230664 1.9617706406836763	-0.0130131456536027 0.0827561148652758 -0.1102212200837229
0.0020000000000000	-0.8685073954414642 1.2272181289767907 -1.5879540153458132	0.1312177454669043 0.3016781676740194 -0.1287513092422756
0.0020000000000000	-0.2071186472718532 0.0726097653079639 -0.0540256580600238	0.3525352050998072 -1.1090917327348742 0.4261523662074940
0.0020000000000000	0.5370817556243684 -1.3268749806096736 0.5717554713666322	0.5338111684194584 0.0811872016448254 -0.0477163663378915
0.0020000000000000	2.4495390252676645 5.2713078566917400 -0.5923519326139615	-0.0886747914504273 0.2986662951315855 0.0901047870814362
0.0020000000000000	1.4935607225193235 -0.6547351634360637 -2.4103198802632124	0.1347197265171806 -0.2698926384499110 -0.3785583364466270
0.0020000000000000	-0.4504330209831268 0.7071529422106818 -0.2940388803146832	-0.4252996355767527 -0.2401780650753868 -0.4919634098300734
0.0020000000000000	0.0007944424318068 0.0069137126412682 0.5806947498661976	0.0648779562050431 0.6665403498369231 -0.1285260691689643
0.0020000000000000	-0.5960286373189951 -1.6195638445392622 2.7391839332227921	0.0285302455335139 -0.0289184186890531 -0.0314679073863094
0.0020000000000000	0.0814149461435942 -0.4061789582728788 0.0556096966519073	0.2049821793495681 0.0766682058013733 -0.2824469889150042
0.0020000000000000	-1.5000276527702727 -0.5489483214458132 -0.7327650429080571	-0.4275359258802571 0.4176025174014346 0.0115914215203404
0.0020000000000000	0.1928987434442849 0.0231921147087298 -0.3642276038276562	-0.2200093525491255 -0.0167383624355261 -0.4748241841288719
0.0020000000000000	0.2376267979260176 -0.1668500241874044 0.0995812805990332	0.0921159507530181 0.0942387734434716 0.3683926963556202
0.0020000000000000	0.0237128825969303 -0.3691954081192363 -0.2288556236160742	-0.7927230754811544 -0.1000410074311509 -0.2184880037876094
0.0020000000000000	-0.0606333054978796 -0.9811584049057120 1.5190275592896219	0.3641546860874522 0.3386251403048278 0.1438106598420688
0.0020000000000000	0.1137093962520407 -0.0752172067494458 0.2282188587457049	0.3720481702793993 -0.5517027844435056 0.8936813347164870
0.0020000000000000	-0.1650271204959148 -0.5240300017990820 0.2096242484363336	-0.2315460551858248 -0.6533501792805855 -0.0933487962910136
0.0020000000000000	0.0206456508376088 -0.6260340821620679 0.0966641818721826	0.0205537654075853 -0.2155655001977867 -0.8544710910229200
0.0020000000000000	-0.4319809456999563 -0.1718145892992943 0.3265959720592466	-0.2072508335781051 -0.0495103524831321 0.3318122425909764
0.0020000000000000	-1.3362342995718861 0.2904756399876965 0.1242167719141179	0.1929879816626374 -0.1792784888991867 0.4886325480659751
0.0020000000000000	-0.3148709046651890 0.6148665083289173 -0.6463243374043671	0.0503247583840578 0.0818960016851793 0.1073699722576780
0.0020000000000000	1.0537624633405340 0.8531833733898656 0.0014391941663806	-0.0994212108426996 0.1155266987142085 -0.0381317011431675
0.0020000000000000	-0.1365810751372325 0.1021347325511002 -0.1024819971215786	-0.1367458004227041 0.4421805413269777 -0.7316946294627238
0.0020000000000000	0.4683459551142269 -1.5921957791913814 1.5938747718692299	0.6195959467751416 -0.1640258389529861 -0.0470179328569239
0.0020000000000000	0.3230807207683221 -1.0009412786367855 0.0541027022945415	0.3475194095507448 -0.0568514156148439 0.0237965047924151
0.0020000000000000	0.0068878736875596 -0.3664042639257677 1.2733529441269016	-0.3321617588073112 0.4076937525733727 -0.6259398021140479
0.0020000000000000	-0.3430384906289586 -0.3106050463091589 0.2980943511608519	-0.2452397950107121 0.2940043583735128 -0.7897424827023040
0.0020000000000000	-0.0814150849013166 -0.6377388295647207 -0.2239489264939508	-0.3262288028545993 -0.4291344438463183 -0.2915773313156503
0.0020000000000000	0.0572707222081023 0.6418414648221502 -0.3146108252724893	-0.4641131902968341 -0.1499800252917467 0.2929106197692598
0.0020000000000000	0.3741518732747881 -0.0955996926434015 -0.0003124678869173	0.0587631841053863 -0.3654098260821458 0.2825056694491878
0.0020000000000000	-0.8004273343862738 -1.2058511456520835 -0.1486965309810352	0.3122937231944394 0.0515093836291055 -0.1685832729994439
0.0020000000000000	0.2689742922025263 0.4396804439293159 0.6465046875309418	0.6708748596445194 -0.7873087357392928 0.1721722515746209
0.0020000000000000	0.2226912246586622 -0.0656652994955918 0.2456085319267766	0.0443251664440901 -1.0648321614752048 0.8243311470395025
0.0020000000000000	0.5873823096561083 0.2455940827089359 0.0733274490248563	0.4325523872153135 0.9458754986626720 0.0907679050721674
0.0020000000000000	0.4611009680103305 0.8208427069174831 0.3200333809767590	-0.1968117734402307 -0.7222770087654099 -0.1717299659618784
0.0020000000000000	0.4407385669640314 0.2342281260793485 0.7992997399135977	0.4100522152021427 0.2777910180056518 -0.1458983585545877
0.0020000000000000	-0.0325944360901653 -0.0409875363233920 0.5093373853508137	-0.1820318510396702 0.0658159845847687 0.4471559247096915
0.0020000000000000	0.9753489212486165 0.2422752604695666 0.6344045065259910	-0.2118932160456475 -0.2571985484139571 0.3322618195743187
0.0020000000000000	0.1783229888148185 -0.1478551937380876 -0.0810846553571522	0.1764332726228408 0.0976338304493489 1.1268994233773137
0.0020000000000000	0.3925172983363602 -0.5899567333711633 0.4575653870933763	0.0467904039779490 -0.2450771245654737 0.5746283769504746
0.0020000000000000	-0.3681484833911719 0.2158676523897302 -0.0977717685456620	0.2270961452496457 0.0330750931109210 0.0461638147087749
0.0020000000000000	-1.0457950724841119 0.2469238100261641 0.2526025007965047	0.0236726050341791 -0.3569220344168301 -0.0825987126421379
0.0020000000000000	0.0491963922181765 0.0994320187792210 0.2080936052997363	0.5671659434667800 0.2682033858532473 0.4910887761630893
0.0020000000000000	0.0568934861618662 0.3690987857926782 0.1751740064722505	0.2255986470762321 0.4571431916646442 -0.1500979313576826
0.0020000000000000	-0.1718943820107434 -0.0919223188095743 0.5078092184343719	-0.2433214635956139 0.2285001189499524 0.4354440861992295
0.0020000000000000	-0.2788355459808811 0.3394781633634723 -0.1779236024789725	-0.2384474170862122 -0.9064991786509070 0.2934705467783926
0.0020000000000000	0.3577151226971056 0.5360025972716592 1.2343109568119723	0.4384441773072199 0.0979777245015544 -0.1641665743375205
0.0020000000000000	0.4385844346308466 0.8380599546417099 -0.6608057911079076	0.1043208250986263 -0.4553263804509905 0.3952905254098856
0.0020000000000000	-0.0564901024997436 0.0469359947011231 0.1969448418972414	0.3910940834964245 0.1541772000934292 -0.0720019410068948
0.0020000000000000	-0.1690053367901046 -0.0721319105010739 -0.0802724480199088	-0.2586504459542625 0.2200518728136149 0.6514885493849560
0.0020000000000000	0.0610406982583474 0.1942086294646999 -0.1488326503271423	0.2441443148168340 -0.1154237878466654 1.2882829281670096
0.0020000000000000	-0.2486425199900177 0.3724817983577713 -0.0577857828052528	-0.1719008582205945 0.3888076278196806 -0.4070077477815155
0.0020000000000000	-0.4755070615853838 -1.1778126853094337 -1.2212943251519075	-0.1948754220551810 0.2414518199687195 0.1802500592670668
0.0020000000000000	0.4169053317344543 -0.0101983761665263 -0.5436956636297233	0.7732548782217546 0.1078858317174075 0.2100164553185602
0.0020000000000000	-0.6169971077191627 -0.5246552968044821 0.6795034695246014	0.1466999723820085 0.0146843628937260 -0.1929107962268874
0.0020000000000000	-0.1593014391206301 0.1839628599576998 0.0741919005574140	0.5775170776082910 0.4156214604070684 -0.3984754011822794
0.0020000000000000	-0.7376836974358741 1.9829471434784964 6.2572555216838204	-0.0458583431594859 -0.0826241547864803 0.4094933061770542
0.0020000000000000	-0.2320992861519470 0.9884419941959991 -0.5220640859458119	0.6467022575588315 -0.2008169092658058 0.3215367361607012
0.0020000000000000	-0.5871799858725122 1.2923306455107157 -0.7295040683271338	0.2924379237533367 -0.0984928398068991 -0.4526453071760342
0.0020000000000000	-0.1945107480750663 0.5312519195536939 -0.3472479068511430	-0.5542035146146289 -0.2350581182041798 -0.2649212449822567
0.0020000000000000	-1.4291267259436780 0.4665790822461196 0.6763241627799048	-0.3809611337034013 0.3777833553385795 -0.4463661398564777
0.0020000000000000	-0.5657741165814559 0.0151654528459266 0.3929972932103543	0.1605116034965576 -0.5111356259443650 0.1576066456427442
0.0020000000000000	0.2134470465021892 0.0888375182971421 0.2928281237534699	-0.0118559879087395 0.3503016406019190 0.2210687286189834
0.0020000000000000	-0.0027832839075749 0.1656228242995813 0.0224265019055405	0.4693455337884405 0.1676448242764312 -0.8939842244526667
0.0020000000000000	-0.1329601754388844 -0.0259738333690727 0.0805772030633149	0.4986838791278642 0.2368595698911539 0.8427539923836661
0.0020000000000000	-0.5873918851076035 0.2305647031470208 0.8405221709795200	-0.0435795183326897 0.1937247523470894 -0.3698037507037095
0.0020000000000000	-0.1477917682528429 0.1201595234644783 0.1482175135878890	-0.5319315980013786 -0.0992897332834872 0.3038065658367581
0.0020000000000000	-0.2845876314712921 -1.4507090535286919 0.0689253986557659	0.0429960583691379 -0.2646429262715965 0.3433229993619908
0.0020000000000000	-0.4267180513267154 -0.3112818102880324 0.0026961920194250	-0.2362872394212810 0.0912582030246534 -0.5340201026503707
0.0020000000000000	-0.3352955099939673 -0.0203351825951853 0.1349867895129989	-0.8591708915651491 -0.6043715526671535 0.1706581961756965
0.0020000000000000	-0.9769550876463504 -0.0117921217259272 -0.0421033505129447	0.3995504634542732 0.6302997894551293 -0.1224868713296512
0.0020000000000000	-0.0162543068329836 -0.6786305637549238 0.2777126185090089	0.1156691283426452 -0.1318504147872546 0.1207034114137114
0.0020000000000000	2.7900755926817649 -0.2444768036986299 1.7708593419562713	0.1065274674806772 -0.1782126481354595 -0.1059810312108919
0.0020000000000000	-1.4096200111683459 -0.2555019048215810 -0.1475312178385087	-0.2182698797406320 -0.4289347144742011 -0.4121469537650616
0.0020000000000000	0.4220758287288463 0.2326965288276363 0.1279640780195087	0.5696949401605647 -0.0073720587613586 -0.2382402978106443
0.0020000000000000	1.2100413496444644 -1.1403849889466215 -0.0458504097930380	-0.2051759709673298 -0.3205647470749804 0.3896453298703499
0.0020000000000000	0.1661541639510954 0.0854390997235346 -0.0969027628084490	-0.2068849698080999 -0.5169615194723749 0.7752503351280307
0.0020000000000000	-2.2754752889430434 -1.8197674389925120 -0.6638120598773359	-0.0180202574384366 0.2523345183506040 0.1371281847837429
0.0020000000000000	-3.8405896525152632 1.2983262749027591 -0.3890827102323234	-0.2521977254301369 -0.1011445076830963 -0.0655362334225013
0.0020000000000000	-0.0221082166461152 -0.3650109724764212 -0.0507433450944487	0.6069864918289495 -0.4614027364729660 0.8529330663192567
0.0020000000000000	0.5458140048242615 -0.9217569304793857 -0.3703691639833432	-0.3293627418223951 0.1576372302417026 -0.1442321371855414
0.0020000000000000	-0.1868220935134194 0.0696615209931728 -1.0020062024404528	-0.5280197121568185 -0.2873316116716931 0.4924373278657136
0.0020000000000000	-0.8356321477006694 -0.1783481246459167 0.3159391379355221	0.4207252405456478 0.3553376382992784 -0.3960666919977147
0.0020000000000000	-0.5935992279481298 0.0235733549708735 0.5166004785192152	-0.0306549066925395 0.3824159182181521 -0.3461259771680955
0.0020000000000000	0.1135700560238993 -0.0699833703345948 0.1038881359798107	-0.8385857002109960 0.3248606020172886 0.5831844232069490
0.0020000000000000	-0.5697529039948842 0.1128333938014064 0.4745568082511246	0.0186868461110121 0.1108531082830971 -0.5694554954016521
0.0020000000000000	-0.0081658433972218 0.0148222281435909 0.1139333094658364	0.7076244848656063 -0.8274544602624470 -0.2267309910266701
0.0020000000000000	0.0276769755602067 -0.7523960897654958 -0.4679247901708745	-0.5994182325449045 0.0159179642600188 0.1976476148405528
0.0020000000000000	1.2198739693705802 0.2814552294114454 0.4541300056292023	-0.3148239221263741 0.5486591616923743 -0.2297448093002023
0.0020000000000000	0.0375832370150350 0.4496412903931470 -0.0241435538697656	0.4081693238134482 0.3231336030958830 -0.7557289648249002
0.0020000000000000	0.1228159619261698 -0.0454440996531242 -0.1403197915066864	0.4296951520288960 0.0967671762775369 0.0850062955398491
0.0020000000000000	-0.0199998563608527 -0.2340454202680890 0.1094317107977728	-0.2470706539157206 -0.1573148904417038 0.4575779796076974
0.0020000000000000	-0.2748447057094829 0.1742419000595679 0.7053772592663382	-0.2817045789691723 0.5955142224290845 0.2951905266516536
0.0020000000000000	0.0921642731010199 0.5699204076612181 -0.2548229943972783	0.5609257925556789 0.3710501107269775 0.5510892932698886
0.0020000000000000	0.8712033833357496 0.1713953614417935 0.2614428035402057	0.0080146319518218 0.1321411731011962 -0.5885834214667115
0.0020000000000000	0.0484312423410385 0.5049786331146484 -0.0772313521246623	0.2978881555208586 0.0827290669157245 0.1822680416032988
0.0020000000000000	0.2937013475561915 0.9767114539707622 0.0495258295685729	-0.2915341743612457 0.3927017891972234 -0.8289203928560684
0.0020000000000000	2.1513645635485101 -2.7111968256191230 4.2432368988003235	-0.2640095458432553 -0.1647966955591730 0.1593684022714349
0.0020000000000000	-0.0590023349590657 0.0418030139270900 0.0623871655387243	-0.0282148321784520 0.0660274440842376 -0.8372253690706133
0.0020000000000000	-0.0788879030594153 0.4704532928320201 -0.0820428993933734	0.2457454587318720 -0.0824505709943741 -0.0773113136189913
0.0020000000000000	-0.0363446987227624 0.1793819349139001 -0.4823104097858810	0.3802283498380834 -0.1626925988272885 -0.0311347042338645
0.0020000000000000	-2.6235257026156553 1.1552816615915942 -0.3788682856870490	0.1259866312076782 0.0431031387274035 0.2915740134934100
0.0020000000000000	0.3050640816373726 0.3723817795360053 -0.1951340547487841	-0.3171986852867556 -0.4823088910623745 -0.3393829417310550
0.0020000000000000	0.7173971495525341 -0.4070552430468370 1.2106317172294110	0.5671783437511260 0.0335334572049446 -0.0634784903965524
0.0020000000000000	-0.3990460050066124 0.0287207823301721 0.4145813029278988	-1.0859586861773001 0.4824360215000275 0.0823540501691169
0.0020000000000000	-0.4417185898057093 0.3450632984731110 0.2082462175677940	0.4532937361811242 0.2590652595156315 -0.4631667945618429
0.0020000000000000	0.1607352676121958 -0.2048797618261712 0.2591204304958679	-0.4103465327986273 0.3253216373293388 0.4749571167435521
0.0020000000000000	-0.8259131540308482 0.2722782951711273 -1.2084815236430608	-0.4335517099120664 -0.4098754679280714 -0.0031388659991738
0.0020000000000000	0.6220180345844910 0.0218024063071028 -0.1949982805016255	0.6247383326630167 0.0567429035396960 0.4077029250642920
0.0020000000000000	-0.6472206296798511 0.1026952376957004 -0.1536990196542857	-0.0587554436467360 0.2379088705036183 -0.0894042983858348
0.0020000000000000	0.4528587567709422 -0.1153447383176652 -0.4877384505439901	-0.3980198516193347 0.1585587289975926 -0.4062328744041461
0.0020000000000000	-0.6635735847354816 -0.1651761548341509 0.8738295080280505	-0.2000890091221159 -0.4565203228557779 0.0688299581757477
0.0020000000000000	0.2666017878001677 0.8138478051441635 0.2461909418497730	0.2167372064673004 0.5173863599001052 -0.2133862950278936
0.0020000000000000	-0.1454135414430942 0.0486540942558360 0.4129544367950781	-0.4376079849673410 -0.0991107581387507 -0.5714582272947680
0.0020000000000000	0.3639437894462951 -0.4796162568520741 -0.5948222879083003	0.0863862956760023 0.2311349896917537 0.3719192631548674
0.0020000000000000	0.1086961955185557 -0.0414797413867200 0.6728175286059743	0.2695143260895907 -0.0859395086797638 0.1462319388482809
0.0020000000000000	-0.1086942828855145 -0.5123471465172860 -0.6399449960656534	-0.0904923500494517 0.0082158313125691 -0.1418089240176962
0.0020000000000000	0.2237187843835777 0.2902338345632898 0.2216532815477407	0.0747529965146440 -0.3106008022673103 0.8102291417683002
0.0020000000000000	0.4816450392518366 0.4749372831755351 0.3003853500731181	0.1582435982994643 0.1920869265298379 -0.1822352254680499
0.0020000000000000	-0.0246915589791998 -0.3759645772913366 0.1804347494855772	-0.0538354627536429 -0.6417697586311190 -0.0762758070061569
0.0020000000000000	0.5849169519220735 0.1074294158661671 0.0621025807640283	-0.2014360309166055 0.7436822566892820 0.0891701705472224
0.0020000000000000	0.2975550624957390 0.3854028135590012 0.4937525486207419	-0.0451694272522781 0.3209882175442690 0.2493239460889018
0.0020000000000000	0.1705322513499471 0.7458396752609219 0.5294692722731608	0.0963577444864875 0.6929617413883953 -0.2437196422588777
0.0020000000000000	0.1950778086015066 1.1607645344224189 -0.1728802625288602	-0.2965566812341542 0.1251609268254829 -0.2831767245467916
0.0020000000000000	-0.8350889691439243 -0.8037054000242695 0.7766572627913368	-0.5397755943200054 0.0777165990882296 0.1362771502462175
0.0020000000000000	-0.1253523259589409 -0.4382712480223518 -0.3954025882432925	0.3954078975645131 0.1404105530092987 -0.0264586052550889
0.0020000000000000	1.2491594258342926 0.3024576842808145 -0.2631710142071589	-0.0210945993381705 -0.1787165201928109 -0.2486892264442077
0.0020000000000000	-0.8217879141671259 0.5490847949866601 0.9934539436582711	-0.0586898550565938 0.6229374444616376 0.1597389574193081
0.0020000000000000	-0.2390149222500072 0.0161654808527461 -0.2476036668921480	-0.0021683311235361 -0.1189593768569870 0.6271689804931440
0.0020000000000000	-0.2367347260786667 -0.6419549704213925 -0.2278065400019127	0.3233754615814281 -0.2880977580507458 -0.0949578324467823
0.0020000000000000	-0.4342140932362609 -0.0915381827294795 1.0103130798812339	-0.3120036651957216 -0.5914467063700694 0.1369604617118294
0.0020000000000000	-1.0554148628395887 0.9379283119973386 0.4402088909644187	-0.1223716090184946 0.3684076133336224 0.0429620573713901
0.0020000000000000	-0.7970760144205925 0.9033163078003570 0.1348977417482952	0.3435926313999225 -0.0534359031400681 0.1322865458447390
0.0020000000000000	0.6988342111097565 -0.3366539309304811 0.5651440215773746	-0.0350307280454358 -0.0982957257905062 -0.5587156362550563
0.0020000000000000	0.2404600773776572 -1.7273113365094712 -3.3405034981866670	-0.0226328700070202 -0.3526816132722347 -0.1034672739212485
0.0020000000000000	0.0249765774185708 -0.5065695517089343 -0.1890842625410808	0.4192509097932081 0.1564865283208287 0.9091635934843494
0.0020000000000000	-0.3337776374837227 0.0287421365156537 0.1888912608144291	-0.6082353252681323 0.4650675898982377 0.0526931757196280
0.0020000000000000	0.4803838323978800 -0.4135192839985896 -0.3079148141815074	0.9285834825969914 0.6125171113009349 -0.2042636773542234
0.0020000000000000	0.2707507347489890 -0.3852874953894466 -0.1062364446711290	-0.0958061228541251 0.3897825114648299 0.5235905166551210
0.0020000000000000	-0.0776553324232131 0.7833716279282436 0.3485705895336993	0.4038538792338128 0.2295154312583909 0.7206953640755068
0.0020000000000000	-0.0539865092583327 0.3445806715288723 0.3027633022068691	-0.1449168811208243 -0.0204647830151877 0.2408975066784730
0.0020000000000000	-6.6408389747788670 0.8412796101002423 -1.4358083957618770	0.0640294285160288 0.0414821485872101 -0.1150640930641614
0.0020000000000000	0.0589968545671834 0.1025694506147442 -0.4853329083078992	-0.4120023685009136 0.1441066183820997 0.5271804890624314
0.0020000000000000	2.4905372278169779 1.7643035841235899 2.2698842236395760	0.1997513848387605 0.1265695948286664 0.4142236803966310
0.0020000000000000	0.0142481037892776 0.0033463114752867 -0.3030540062465559	-0.0645277641665462 -0.7273005603965839 0.4526827259855323
0.0020000000000000	0.0393514806341807 -0.0121253229998811 0.3927329317704408	-0.5373128322957731 -0.3985168094620890 -0.5196623383776773
0.0020000000000000	-1.9795740557838073 -0.6997518799431207 -0.8666061486704161	0.1533161946583288 0.0794149839676061 0.5368003098414000
0.0020000000000000	0.3175430503190002 -0.0803522416003572 1.1502670302894755	-0.5065874504873586 0.3864025074992417 0.1060131473012527
0.0020000000000000	-0.1864830481254925 0.4481540735103716 -0.0367722035288664	-0.3206051459726848 -0.4210550179290163 0.4341122316393372
0.0020000000000000	0.0957467033309737 0.2659733067953253 -0.4481199750158367	-0.8672692670789741 -0.0971985178867266 -0.6084272975235127
0.0020000000000000	-0.0462681942433790 0.1334434684769635 -0.0293458313639324	0.8592910881756894 -0.2204661325836493 -0.0268089086422038
0.0020000000000000	0.8656454278533229 0.5709542085284838 1.3325649815070593	-0.1652155630273563 0.5039485707158661 0.4638916176759817
0.0020000000000000	1.0866532228895702 -0.2213892240724048 -1.5393320433490740	-0.0639701776655619 0.4291817481117205 -0.2635406459554958
0.0020000000000000	-0.7272279281774841 0.3147845142383435 -0.3051910682165717	0.0645013169969143 -0.2678291041376107 0.2013231345068133
0.0020000000000000	0.0077326391721481 0.4042996417438850 -0.2374721496206946	-0.7531012777641909 -0.1258430496668291 -1.0304260369984939
0.0020000000000000	1.7730068326419155 0.3847070926556222 -0.7130180470637058	0.2281052893491180 0.0056268085401224 0.0960665290030007
0.0020000000000000	-0.2182263203296659 0.0706844618818041 -0.2451624186455521	-0.4981270724105092 -0.0869538655902430 0.5398013340033690
0.0020000000000000	0.4394942336158407 -0.7599892071275036 -0.9422977268211470	-0.0418993980314573 0.0447443007750408 0.5186183793543578
0.0020000000000000	0.8684619274665348 -0.7171334577553954 0.2926835218267907	0.4710893653933474 0.4297498497153048 -0.0156844000022562
0.0020000000000000	0.2085879146326220 -0.7019886443081086 0.4275169163452538	0.4169618648160335 0.0956250474693516 0.1178177726160365
0.0020000000000000	-0.2614031615525704 -0.5339982449799087 0.0867034114405110	-0.4107936003931143 0.3441524380299971 0.6249990322052330
0.0020000000000000	-0.4396993995023339 1.1567192510483848 0.0487573240423516	0.2356668202189935 -0.0760646743841087 -0.3881448957401758
0.0020000000000000	-0.4819328314624833 -0.1781487875088098 0.8740642655552412	0.4020214569871129 0.2523067789950498 0.4160457589793672
0.0020000000000000	-0.8232220770502744 0.7775941521432830 0.1650172727384595	-0.5632627585909086 -0.0237072205567695 0.5885285318521563
0.0020000000000000	-0.0888454142573206 -0.0806368539189329 0.2320346230780943	0.4574937652296847 -0.3822725316156851 0.2450882449278461
0.0020000000000000	-0.0028440963728379 0.0536688417332669 -0.8735147267628787	-0.4704101427613409 0.2482190234702783 -0.1292535158845745
0.0020000000000000	-0.0618701801844003 0.0581837750294186 0.0365452833286574	0.0085525233294219 -0.3717178486716128 -1.4361230866442880
0.0020000000000000	0.8372885052503458 0.4358077365967552 0.4911407241398616	0.5742382653447934 -0.0155787204922167 -0.4942808482318508
0.0020000000000000	-0.2106555299451175 -0.2824173840646877 -0.2151184638557981	-0.4829617768641108 -0.7270339301772079 0.0721407380447659
0.0020000000000000	-0.5716311360346903 -0.5451619785578476 0.4208678573606469	0.1556458833508057 0.3005221186323649 0.2493074102887320
0.0020000000000000	0.2062953411157213 0.3863593975123083 -0.0742881919806869	-0.6271563143961011 -0.3799871398036137 -0.6572717616273385
0.0020000000000000	0.6909260139591735 0.1993227219938987 0.2892239368397279	0.0863074593829653 -0.5537872686817685 0.1986959644234995
0.0020000000000000	3.5978609250211879 -4.8291685943232476 -1.3641064195976516	-0.2345876535883081 0.0485960079285896 -0.1392086517442938
0.0020000000000000	0.8417615350569027 3.6309834906802192 2.8870231254869019	0.0262629497803583 -0.1126105638648844 -0.0821230999763986
0.0020000000000000	-0.0878738719082269 -0.2052159717013328 -0.2675648307624096	0.5505507780234279 0.3796781723919539 0.3803803874609599
0.0020000000000000	-0.0381772328280143 0.2204828087380739 0.2492817800992208	-0.0612902179219823 0.7187445745689207 -0.1497817668095475
0.0020000000000000	0.3414859181812140 0.0541304849715006 0.3024816295369381	-0.0912981212260170 0.5036692354321671 -0.5017594961897897
0.0020000000000000	-0.0385506680508662 0.2567721205156778 -0.1350302446485379	-0.4014230372085416 -0.7676784771514759 0.0876490155407463
0.0020000000000000	0.1706023037140746 0.0954169789066245 -0.4172647231396029	-0.9088628046243911 0.6750505530261179 0.1001425769027676
0.0020000000000000	0.4185701159788224 -0.1102498449207011 0.5457935207226645	-0.1857415836016935 0.0145821298360768 -0.7875845292772901
0.0020000000000000	1.2154746887603392 1.2358646787685188 0.0681151680603218	-0.1705898934430782 -0.2244292141839339 0.1257115665193420
0.0020000000000000	-0.0340715253827927 -0.1051119396423596 -0.2349045189757319	-0.6184378479427549 0.0380001501203410 0.9489668871277561
0.0020000000000000	0.3640212736385171 -0.0666567503514857 -0.0139201419667173	-1.0698006312342057 -0.0470156350942503 -0.4412750627287006
0.0020000000000000	0.3433763005012411 0.0419486483393118 0.2374326544088900	0.0254335525621874 0.1548159017633506 -0.1222901960008007
0.0020000000000000	0.9848559989523873 -1.9534187347420300 1.2017415148078343	-0.4677863095154588 0.1784725245373777 -0.2032997178635061
0.0020000000000000	2.1054935137059050 -3.6405131056222788 -1.7160998273191852	-0.2079542444947969 -0.0222441664111788 -0.0135296404073088
0.0020000000000000	-0.3053221186788967 0.3329355129505318 0.0867073546079612	0.2661345654369576 -0.1374022565910237 0.2227052929297989
0.0020000000000000	-0.5174372726896678 0.0300683075297965 1.6058994099699391	0.0993943879707583 0.0181147915607304 0.0975634558061079
0.0020000000000000	0.0635748244633235 0.2778621437971191 0.0258185109588869	-0.1615349530925225 0.3129659378216811 0.1137152557769717
0.0020000000000000	-0.4686170872031941 -0.2688467328966019 -0.5710765610468076	-0.0252257144052481 -0.9860622531638142 -0.5991506787237681
0.0020000000000000	-0.0330884350295307 0.1615062140493319 0.0707717563931889	0.0805434328410505 0.8301541223752209 0.5182151492406409
0.0020000000000000	0.0466609665264921 0.0398803388366387 0.1368256649783672	-0.6981727189733260 0.2142948522065649 -0.7846701854079615
0.0020000000000000	-0.1423536386271013 -0.3748816900872735 0.8487111760867271	-0.3207274091845062 0.4821586196834232 -0.0054390653879756
0.0020000000000000	0.2392633426789232 0.3843709931896082 0.0012787121046408	0.5220695500285149 0.0884172578487021 -0.3033009214978788
0.0020000000000000	0.5867496599785011 -0.5918750163433489 0.7186169049082111	0.2168097932633906 -0.6483580801379406 0.1672821234439546
0.0020000000000000	-0.3590317866827027 -0.2862228516403698 0.8588356355113071	0.1543241248490222 -0.6526693518912539 -0.0981187992052541
0.0020000000000000	-0.3492685385339449 0.7576152988192885 -0.4836358832742848	0.7789899328069458 0.4234472590795386 -0.4926088114428095
0.0020000000000000	1.8408467239345354 0.9295865992949875 -0.9916842562964857	-0.1354564200694151 0.2448443596387207 -0.1712137984818776
0.0020000000000000	0.0547098773392144 0.4165391320186164 0.2394292264688709	0.6547399599793048 0.7003317669180932 0.3193114016490797
0.0020000000000000	0.5218865118537485 -5.2404115142441201 -1.8418454902688559	0.1563851775974555 -0.1292468257488472 -0.0737812081911907
0.0020000000000000	0.3661632386030145 0.4417548838207163 1.2001066120212940	0.1819711821655899 -0.1498104739467040 0.5488260055835232
0.0020000000000000	0.3297663615258454 -0.9101273173486762 -0.5030794812375226	0.0151608910336581 0.0969629943079009 0.7400030761536940
0.0020000000000000	0.2446119135362486 -0.1549922449086382 0.4277024900420545	0.8278803608167377 0.1985463444299526 0.4334613617812134
0.0020000000000000	-0.3888286109469150 0.2389928585933196 -1.4637345183727890	0.2833416252593245 0.2255773576727872 0.2039418896694659
0.0020000000000000	-0.8755663258140967 0.5445722151724691 -0.2062305053687467	-0.0595849475852719 0.7561472357023622 0.4415721659192314
0.0020000000000000	-0.8518525847204573 -0.2736502313924863 0.2632360019683878	0.1230683261409081 0.3784532720542923 -0.6834604382914867
0.0020000000000000	0.0743129095163960 0.0296440159597611 0.8844285601871440	-0.8879806607449081 -0.2651813012680934 0.1956473180411076
0.0020000000000000	0.5543448513550133 -0.2869641423642681 -0.2319946851217326	0.1561975264542990 -0.7254887437800688 -0.3387655084337027
0.0020000000000000	0.8730493973024401 0.7632335239487408 -0.1014074186738543	-0.0108088817957670 0.1192968682585394 -0.0887586759006007
0.0020000000000000	-0.1327793869451216 0.2476667107495960 -0.4237633999739577	0.4488670804811892 0.5472061355714500 0.2161747754205565
0.0020000000000000	0.1067771050356374 -0.2602161031414320 0.1514589404390747	-0.1217068060995327 0.6343548825936015 -0.6784285891023584
0.0020000000000000	-0.2356653408401299 -0.0493737114174156 -0.2334152939937048	0.0638910704050518 0.0872868452396243 0.3460088118856222
0.0020000000000000	1.2944181784747975 0.1565881058590675 0.9168644682903163	0.2035237245417650 -0.0251718845222408 0.1431623839745239
0.0020000000000000	-0.3599422960291982 0.1857118872944803 -0.2849588355655681	-0.3305054290599005 0.3931321489038754 -0.0784619268403404
0.0020000000000000	11.7544707158803092 -4.5675656379555019 -9.2387572130478066	-0.0623606247213567 -0.0160220336399032 0.0084550913617687
0.0020000000000000	0.2899914853130272 0.5569054416656025 -0.3354553315138047	0.0321598159045675 -0.6661807639882819 -0.5445268163952383
0.0020000000000000	0.5602670335844112 -0.0295919367777027 0.2730534650976085	-0.1427091105738895 -0.7312486041516536 -0.0143859280575752
0.0020000000000000	0.1793201261220751 -0.1756128646818884 -0.0261451804255138	-0.7371781778238080 -0.4475570153224347 0.4847069290389943
0.0020000000000000	-0.0823880870482726 -0.0817737863843722 -0.0894875334941589	0.1467832575732895 0.2414681441311520 0.2491863767160463
0.0020000000000000	0.2342597300366460 -1.1428452000441449 1.3991036907881014	-0.3850906754219197 -0.3487250007656355 -0.4115910768158542
0.0020000000000000	0.0901593005095533 0.0526036584721290 -0.0261396060723136	0.8535631038156700 -0.1685267340819386 -0.6609423509799918
0.0020000000000000	-0.4814417990176613 0.6627301079404445 0.2340782365635624	0.3994109380364197 -0.0406450651203355 -0.9531405647296602
0.0020000000000000	0.2849055603241659 -0.4973316034138793 0.5274235157223984	-0.0419519427670558 0.5641383028444314 -0.5219498598712764
0.0020000000000000	0.2058204943166150 1.5143732833294059 -0.2803444797958857	0.3075715651849628 0.0118423362206822 0.0398594210344799
0.0020000000000000	0.1694942145640948 0.3092548307966114 0.0695267306013539	-0.3368833856701653 0.1723619475700454 -0.1676609676248246
0.0020000000000000	0.8302788228991301 1.5352405297767708 0.2501406053088155	-0.0278788475653053 -0.1598383765833206 -0.0910724842864721
0.0020000000000000	-0.3679474203054629 0.4254202232786444 -1.0151886306597979	-0.2531244754043901 -0.0822924031836090 -0.0134097928569624
0.0020000000000000	-0.7714950657629891 0.1860114992545971 -0.8271044988060809	0.3441205948338579 0.1193128163623544 0.5511784702151311
0.0020000000000000	0.3497881565204330 0.0388869654163851 0.1400027766917856	1.0226739478718441 -0.3788136222537671 0.3320442518068522
0.0020000000000000	1.8046054504682421 1.6777437025310962 -1.7906958126876809	0.3358970205120404 -0.3302155200188185 0.0422678278060991
0.0020000000000000	0.1694804117794032 0.6430508230045953 -0.7454347946401972	0.4873325676061348 0.0884458275026127 -0.3107125240211412
0.0020000000000000	0.1211501690498843 -0.2485930087434396 0.5480516067498712	0.1459086714541193 -0.1463232633450184 -0.5052117497474810
0.0020000000000000	-0.6215992037591751 -0.0707320470263498 -0.5016139650664898	0.2608867085790580 0.1827329503523438 0.3649416988261414
0.0020000000000000	1.3828064991540348 1.3396735768622547 -0.6049723204918651	-0.4632348752398395 0.1242513583211997 0.1501935285381355
0.0020000000000000	-0.6234954327736466 -0.1977224358825336 0.4420784467120983	0.8081265160320115 0.1568471277669259 0.3382468749122096
0.0020000000000000	-0.1971715865392331 -0.5153980826068489 -0.6841085288935513	0.2437450965632197 -0.2331534418559457 -0.0627124397847737
0.0020000000000000	0.3462288170856898 -0.2084961468644180 -0.1274237291629269	0.9864990700271350 0.0728545519586641 -0.0762956807414495
0.0020000000000000	0.3081385181904283 1.6907851272673684 0.7497121869519269	-0.1549465817302163 0.1524067858001111 0.0823744201464853
0.0020000000000000	0.4859707378368410 -0.0193011440134346 0.4658702034019528	-0.0561517343623382 0.2123881272932545 -0.3048890423005206
0.0020000000000000	0.7298917094557906 -0.1241159862921548 -0.5898424808357426	-0.3395216866331051 -0.3653788891138713 0.0929747306235063
0.0020000000000000	0.5388687555183520 0.2145794324921089 -0.3311587367190450	0.4030658021268722 0.6715194247297036 -0.3495998044487403
0.0020000000000000	0.3559726232932011 1.9140875548993355 -0.0423218927618295	0.3080930072001322 -0.4614057301888570 0.3604335089323749
0.0020000000000000	0.0737828731794121 0.6933287410161362 0.0724074393135924	0.5835634696960393 0.0190135453585271 -0.1756337388696361
0.0020000000000000	0.2567390053087178 0.7133790700369445 -0.2103855514083106	0.1147382140158866 -0.0711576713853704 -0.8669543537986191
0.0020000000000000	0.4268928113527911 1.0711433564231529 0.5254989600626144	-0.6866700777130106 0.0599811295484732 0.0167741807682250
0.0020000000000000	0.2732922256410096 0.3024528377841647 -0.4354927910707575	0.1859332349936591 0.4633364986599894 -0.4604615807084421
0.0020000000000000	2.5874243860074881 -1.4936297694856011 2.0487377732575380	-0.0166915062226348 0.1090063984526305 0.1991714281267899
0.0020000000000000	-0.0282982172631201 0.3275533676909599 0.0821434430645027	0.0260871524104130 0.2052921265361117 -0.2847801070922446
0.0020000000000000	0.3218966110445348 0.1881897826546228 -0.0711719031008613	0.5024058216278947 -0.7890195100907695 0.0286196170676973
0.0020000000000000	-0.8313847404936111 0.1615451745320775 -0.9501999494543952	-0.3651484921306626 -0.1737816259764570 -0.3119447991494084
0.0020000000000000	0.4522276857771328 -0.4029593970163254 0.3288627072747731	-0.3171475584080609 -0.1541020871427150 -0.0901687589716387
0.0020000000000000	-0.5029478513913347 -0.4735543563630527 0.2388911069772885	-0.1679236381292301 0.2637404057767862 0.3201973543794021
0.0020000000000000	0.1767458909335758 -0.3430766896825415 0.3883458256842437	-0.4479233776659229 0.1141256993892729 -0.0487720650842629
0.0020000000000000	-0.0679771025014251 2.2621278189022194 -0.4464361931639448	-0.0165454498761345 -0.2718155497000220 0.1418323044162380
0.0020000000000000	0.1279422142243488 0.2948031392792488 0.7230492305694834	-0.0867653679995686 -0.2073603827262439 0.8653439817551472
0.0020000000000000	0.1424300630875067 1.3580142183798358 -1.7713611951290849	-0.5285896597453219 0.1170878550238584 0.2698252407235069
0.0020000000000000	-0.7067450317777287 0.0498362495945931 -1.0174019833301893	-0.1533529367524677 0.1451620369235586 -0.7864607373564592
0.0020000000000000	-0.9867276851685330 0.7745066822476503 1.0224870099227175	-0.0658542681012866 0.7919646384001051 -0.4102946899694446
0.0020000000000000	0.2810514622387557 0.1817517961631278 0.0418288175837760	1.0638860258086527 -0.0683446569687577 -0.0922490228160769
0.0020000000000000	0.2457794585883276 -0.2013970166300205 0.5551879895484314	-0.1935099822273292 -0.3780413158544695 -0.4122375629894428
0.0020000000000000	-0.9841489316311911 0.3062389447950729 -0.2214953782695469	-0.2911857964270543 0.1004629905436335 0.1144429368119779
0.0020000000000000	-0.1444669010849513 -0.2709276888016782 0.5629382936754851	0.0295255572629329 -0.5791099838490685 -0.5610927802082997
0.0020000000000000	-0.5343857083099980 0.5262998834656067 -0.4222790670065583	-0.6132418516781267 -0.7544392806144355 -0.6924663083729120
0.0020000000000000	-0.4062942488712606 -0.1142103906531478 -0.0514827693422565	-0.4338200102018815 0.5812847656522419 -0.6482919855092530
0.0020000000000000	-0.2209293516408599 -0.2671416668955231 -0.2823176222590076	0.0687517145489330 0.3003801344753096 0.3087120462547542
0.0020000000000000	-0.0521936892423600 0.3324360580498944 0.2603733268430694	0.5614305470493973 -0.1884994835840694 0.9139989991327573
0.0020000000000000	0.3720475178072169 0.4248415377749023 -0.0597959624919021	-0.4128315550066762 0.5000388239442114 0.6188115731823364
0.0020000000000000	-0.2074002110477317 -0.0272661187476452 -0.2269774593005027	0.1847836126362206 -0.5688277242385776 0.8166499700950476
0.0020000000000000	-0.2241223549328164 -0.1628433519722471 0.0654364678913759	-0.3231891425892391 -0.1470170446557914 0.0188428578489736
0.0020000000000000	0.2229390328815568 -0.1040598854911571 0.1507169977411995	-0.6023385661609024 0.2782866827025288 0.6045855399158683
0.0020000000000000	-1.9671949020968866 0.6003769316647716 1.9449883060550619	-0.5699115302406765 -0.1430557660860102 0.4056613591617368
0.0020000000000000	2.3425204606998471 1.9499960859343992 0.9390510506295192	-0.3454489178121699 -0.2283485857500719 -0.1175712795802488
0.0020000000000000	0.2446254270962588 -0.1796742226960516 -0.0339051286004554	-0.0690781288364914 0.6463976185104992 -0.7688040622473994
0.0020000000000000	0.2569158544506697 0.0013014826131303 0.8576710694529652	-0.0022250904216596 -0.4725483925110096 0.3798449834228959
0.0020000000000000	0.1819162790957237 0.4119904553134889 -0.0190928212857063	-0.2915452169811009 -0.3739579540798696 -0.2850574402699052
0.0020000000000000	-0.0565318677477260 -0.4409906570410499 -1.2397435747845105	-0.0546444063002228 -0.3634965103984106 0.4237689122674201
0.0020000000000000	-0.0854392619034653 1.2814475174889604 -0.5198816131016624	-0.5869460461503859 -0.4119105376057801 -0.3152296778634648
0.0020000000000000	-0.9939341207540136 -0.9834617698358938 -0.5518286945263435	0.1122780935898748 -0.2114204344166542 -0.0173934184035264
0.0020000000000000	0.1015467944446984 0.6882334947286872 0.0435879344995585	0.6165320963508937 -0.6308762535922547 0.8292950923946344
0.0020000000000000	0.6410609843286853 0.1637845651908478 -1.4513140964361748	-0.2851659117289621 0.0157031554993845 0.1356814120218362
0.0020000000000000	1.3713039937798142 -0.2876049159393519 0.9376734604553426	0.3966357389042516 -0.0518420484942276 0.3986736743492199
0.0020000000000000	-0.2733415366513400 -0.2688718435663599 0.1051324778412474	0.0273420409173173 -0.0814686966088094 1.1469521557836635
0.0020000000000000	-0.2960396155487206 0.1133218734322801 -0.4316773087417206	-0.6432809176311282 0.2146022914630099 -0.4324748497089339
0.0020000000000000	-0.2344193897322183 0.3056262040819137 0.5518062106083054	-0.2381123158982081 0.4128022997389982 0.4972302063530400
0.0020000000000000	0.0223722392734075 0.2576321520451161 0.9599523498484070	0.1703240219435104 0.3418875817103012 0.0216037712528327
0.0020000000000000	0.1808871474730731 -0.0962215937720571 -0.3914740577588384	-0.3219634296562957 0.0034852108826073 -0.9071698960532988
0.0020000000000000	-0.4395818456186680 -0.6960235199567855 -0.2255499827946841	-0.7015415431606428 0.2403801070928608 -0.8312940431439086
0.0020000000000000	-0.1116366274656944 0.2278212815823187 -0.1424334816200520	-0.9005940617974260 0.2659444089252360 0.5449328928392756
0.0020000000000000	-0.2100680368558041 -0.3687352241949293 -0.2584511616982336	0.1052673982416369 0.8340622588795111 0.4834801931139820
0.0020000000000000	0.2783777466227834 -0.6466334041124694 -0.1216944693617628	-0.3701134469357109 0.2536251976004045 0.5433306114541002
0.0020000000000000	0.1307030933065672 0.0608882211023015 -0.3808796147551254	-0.2500172203770248 0.5527166482541334 -0.2533542879392318
0.0020000000000000	-0.0601168478621793 0.1898689332680273 0.0108022962179760	0.7524465845158497 -0.0453579824435917 -0.4603592455492245
0.0020000000000000	-0.0555782984432884 -1.0143135576094100 -0.7016733360384503	-0.7398846032675671 0.1779142955205233 -0.2126181149465726
0.0020000000000000	-0.4892587728577297 -1.0299269960268380 -0.5832071467143257	-0.7589220904696981 -0.5011173261136480 -0.1700250700326921
0.0020000000000000	0.0775915808444095 -0.2023425335426215 -0.0546938945551051	-0.6751588680972769 0.0832801247478215 0.5813992988514660
0.0020000000000000	-0.4869426126350462 0.4362483910557880 -1.8748047813828284	-0.3247054476132397 0.1084517845140443 -0.0357634211921135
0.0020000000000000	-0.3912173784885329 1.6079704459081570 0.2812636806681785	-0.3755344417950477 0.1986415454768281 0.5614986027205461
0.0020000000000000	0.5866434690170210 -0.9704085761051058 -0.4061750551845941	0.0565527253980296 -0.2257845557015349 0.0116316843379323
0.0020000000000000	-0.3485702305702736 0.2070616031220042 0.5461295981166118	0.2240439934950713 -0.4661893035390228 -0.2478365140779030
0.0020000000000000	-1.0738125128384550 0.8506534065170867 0.5379172232266303	-0.3510362355876487 0.5988357792843993 -0.1175492615069741
0.0020000000000000	-1.7570271475124704 0.6798565201066491 1.3066989572902135	-0.1870711681636230 -0.1911451985393186 0.0184878217807110
0.0020000000000000	0.1400419448885454 0.3588976019596416 -0.6446365951569445	-0.3744096490042472 -0.4050979938915744 0.0000105274940350
0.0020000000000000	0.7737427037379019 -0.1869320854237504 1.0817803605565093	0.5969860477383007 0.2193911796327160 0.4244570421911767
0.0020000000000000	-0.0285240558148087 -0.0209702813476544 -0.0827773354565973	0.1266231829616641 0.1893722874193398 0.5915083997384721
0.0020000000000000	-0.2446378565683271 0.4479055450490750 -0.5058716926841466	-0.4830242664031963 0.3357159313411005 -0.2226008586892443
0.0020000000000000	0.2347378938833036 -0.1886101369218439 0.7302537196073300	0.0294650096782925 0.2565457051908514 -0.6918303671849558
0.0020000000000000	-0.8605069918085618 -0.1089439027153785 -0.2310304599597696	0.0902637787755350 -0.2225626338040760 -0.0024684945837014
0.0020000000000000	0.0657824684367190 0.2734914779363640 0.2829178800618845	0.0047255487005519 0.0453055208897165 -0.3479253128618128
0.0020000000000000	1.0748911503324057 -0.7230600972722132 -0.5546346157060671	0.5673031569249463 0.2662634125421914 0.0683176360039322
0.0020000000000000	0.2545877678179447 0.1924000581652736 0.1628156746045762	-0.4021382508504885 -0.3118070190970181 0.5978542923547839
0.0020000000000000	0.3215131773836503 0.1251184536435279 0.4398968504325409	-0.6188155376335351 0.7283224042800381 -0.6259656990681234
0.0020000000000000	0.4380513890396960 0.1687051604716399 0.2517945847747998	-0.0133412042552910 0.1225014385620218 -0.5007279347358826
0.0020000000000000	0.1650280208317499 0.1365638772763312 -0.1707949159878361	0.3016297892130622 0.0334689441689144 -0.0105636727671612
0.0020000000000000	0.3376264641459251 -0.2849828444959233 0.3617715493302850	-0.7076764989661817 0.6564674363609444 0.2642927316077760
0.0020000000000000	0.3402112639413887 -0.2923588277663102 0.0804800906119928	-0.8831559503391520 -0.0957891359820697 0.2403303283619651
0.0020000000000000	-0.3482405267898839 -0.6537519718164934 0.6785136965401168	0.1630389775868688 0.0036773326738685 -0.1436563819609832
0.0020000000000000	0.7925632650202511 0.2110361694431410 -1.2346577360412525	0.1241756545171328 0.0730951560403542 -0.3101881120205920
0.0020000000000000	-0.0092357439113204 0.5073789248806696 0.1984225158622828	0.1402437719760327 0.3038484603011006 0.4125927147888264
0.0020000000000000	-0.3555677982013016 -0.2698806951243957 0.3213966860635541	0.9826019976474671 -0.3561871625084911 -0.0899789710827612
0.0020000000000000	0.0783030147861911 -1.5611225689591133 0.8075991700609071	0.3061830213161635 0.4482092432610302 0.4269004017710538
0.0020000000000000	0.9932025317837605 -2.4655051109432025 -0.4907002924031308	0.4792963435809997 -0.1121927578560179 -0.3884855664601368
0.0020000000000000	-0.2780658154607254 -0.3923613542106625 0.3394543670084614	-0.7605543198325989 -0.2621655161623767 -0.4148304247728138
0.0020000000000000	-0.5778958791980466 0.0494436686786462 -0.6077192146254613	-0.3651065624983487 -0.7385139615914099 0.0532876333682699
0.0020000000000000	0.6600077254465002 0.5671249530732032 -0.1465139645595963	0.6610703006556380 0.4617616103994054 -0.2520034169536576
0.0020000000000000	-0.8589993720375392 1.5483419594262289 0.4023296022096213	0.4343404706693707 0.0556586534466757 -0.1184099322349087
0.0020000000000000	-1.1230763949289184 0.5110427147335611 1.0362274062184562	0.5326411399006981 -0.1752176492696320 -0.3784213281122936
0.0020000000000000	0.3382089286498696 0.6363129246821352 -0.0698920475077345	0.6299469863625767 0.5259142292601793 0.1572559356025749
0.0020000000000000	-0.4063846890476319 0.4261444746281406 -0.9752067530828713	0.4089487568486653 0.2884509096146898 0.3224565081468093
0.0020000000000000	-0.4472667635974289 -0.5273985279567057 -1.5360082932342367	-0.3157578056316571 -0.1681448331035877 -0.0860431341070552
0.0020000000000000	-0.0627517537236952 0.1481377930471841 -0.4652911960037164	-0.1723572621749800 -0.7534042800870474 -0.3971687349905039
0.0020000000000000	0.3171118247346798 0.4399610594851748 -0.5749913659624023	-0.7031775803335111 0.1176481880865325 0.3282257873230019
0.0020000000000000	-0.5111753749496981 0.4694401236599846 0.1535434280233504	0.3584881800773769 -0.7147296362750929 -0.1946809273388801
0.0020000000000000	-0.0156260172385070 -0.2215129543124600 0.0716981794172511	-0.6408109472278145 0.0124994627968656 0.4398796270348470
0.0020000000000000	0.2958825068699704 0.4485107078443839 0.0997474523548443	0.4104074432921381 -0.9299879571191897 0.4380425545971751
0.0020000000000000	-0.3934423375268447 0.6241950599759191 0.2703169261412300	-0.2297157323563900 -0.8138550503070814 0.5815117815424855
0.0020000000000000	-0.7522121878831345 -0.0578672557567465 0.7559260482219421	-0.3284309375257086 -0.4967104629354729 0.2517456099593253
0.0020000000000000	-0.2072678245276956 -0.2990640793157055 -0.0554521892027771	-0.1201001273186307 0.3757795201992407 -0.2325746917003561
0.0020000000000000	-0.1453972152069245 1.0262300848704793 -0.0540564863529419	-0.3465220279816550 -0.6180686854519455 -0.3241116268216058
0.0020000000000000	0.5940604255357932 -0.5766790113225860 -0.0745597051407191	-0.5051039978894548 -0.0532353344946200 0.4236624418726245
0.0020000000000000	-0.1674009197896435 -0.2429831198449714 0.4720050672349688	0.4340895082107148 -0.1024981313918588 0.3065944505903916
0.0020000000000000	-0.5207768890834106 0.0028977206796243 -0.0338511135047344	0.8005435214821282 0.8027341428457809 -0.0378643216762355
0.0020000000000000	-1.0591118755385742 0.3219726643390992 3.0374392055237758	-0.0161540055463601 -0.3550143871816453 -0.4792091051953893
0.0020000000000000	-0.0052051166703118 -0.5171376936281386 0.0465492627082487	-1.0561836716905117 0.5780533864223445 -0.2139129000368055
0.0020000000000000	0.0048810308039881 0.4438298657065136 1.1472276666869350	-0.2219132302493160 -0.2181204615079413 0.5225101473977081
0.0020000000000000	1.4263400683567595 0.6282474665429940 -0.7346579197042405	0.3400892776666327 0.1540275189803318 0.1028289204562945
0.0020000000000000	0.3459936956121282 0.1732596866443098 -0.2006345210825498	0.4988419833094145 0.0884460456116184 0.1139921009435127
0.0020000000000000	-0.0055227804030396 0.3421673995210751 -0.2461650890184971	0.2338470538802596 0.0114945437250446 0.3717490671857199
0.0020000000000000	-0.4613266343186128 -0.7482674592980987 -1.2694843057274874	0.3072824075788551 0.4398980167240517 -0.4163158217815742
0.0020000000000000	0.3800456695970877 -2.4587239077860747 -3.8524210924936715	-0.0584118952247196 0.0302547405017330 0.0503214970778546
0.0020000000000000	-0.0001130577720785 0.0451251777296486 -0.1393499296563994	0.3553238064317213 0.8487183268114696 -0.2580817680859839
0.0020000000000000	-0.0931259603413575 0.2371906249182998 0.0366433714507264	0.0211142749305824 0.3628248244343534 -0.6176130814547319
0.0020000000000000	0.3550685851739927 -0.4583791624266499 -0.3637138015025720	-0.3077187898408976 0.5514052104597036 0.1254935935231054
0.0020000000000000	0.0845306679310488 0.3390645230182235 0.2512460520146981	0.5895339356408733 0.6174918401617686 0.4240469160141202
0.0020000000000000	0.0167990086914093 -0.4561782337017905 0.2853416835016609	0.5689389606122510 -0.7625328239145791 0.0619614532129323
0.0020000000000000	-0.2301349276246803 0.4808879290006250 -0.8213848313178748	0.1533089273833219 0.4025532900074149 0.1056182592452552
0.0020000000000000	0.5754251107946552 -0.2041307027224878 -0.2419384531532531	-0.2338237415238772 -0.1821392853589561 -0.4210391460917002
0.0020000000000000	-0.8626701839960979 -0.1873105829900807 0.1557951984381490	0.6463618315923266 -0.1845588861165997 0.5409450913981373
0.0020000000000000	-0.9541472237048981 0.4970433118348830 0.3564063570962926	-0.0566541331703213 0.1332699439167135 -0.1620510584317782
0.0020000000000000	-0.0455353996306233 0.3190612475541623 0.4862222172097388	-0.4601959644162561 0.3534237888327155 0.1078958114310705
0.0020000000000000	-1.8349043450059306 -2.6934230231205261 1.4457443941667827	-0.2739585574120234 0.0704016499662381 -0.1648168646723882
0.0020000000000000	0.8642977380232171 -1.3438621019657186 -0.1398964337475766	0.4575447679690228 -0.1577087728789908 0.1121732712893785
0.0020000000000000	-0.4865922513681702 -0.1439649322872014 0.0387498187780333	0.6866190497534095 0.3074804672823505 -0.0112604562469897
0.0020000000000000	0.4572456008758038 0.3949467670375468 -0.2245753039356479	0.0064890112632862 0.7434400524794077 0.1914918261466572
0.0020000000000000	0.1850533554940838 -0.4442477100349376 0.5513225521640156	-0.0781319941767749 -0.3314051186719114 0.4808467446212996
